"V1"
0.0915750915750916
0.21978021978022
0.412087912087912
0.412087912087912
0.412087912087912
0.412087912087912
1.25588697017268
1.75824175824176
0.98116169544741
1.05663567202029
1.52155536770921
3.95604395604395
3.95604395604395
13.4615384615384
11.7216117216117
7.03296703296703
7.41758241758241
9.15750915750915
4.57875457875458
5.54029304029304
13.1868131868132
13.265306122449
15.4761904761905
17.9487179487179
20.6043956043956
23.4432234432234
9.92445054945055
29.6703296703296
29.6703296703296
22.039072039072
36.6300366300366
22.027972027972
26.5934065934066
24.2216117216117
19.7802197802198
20.2003878474467
21.8487394957983
13.3516483516484
13.8957816377171
14.9060616802552
20.6043956043956
19.5563695563696
22.5054945054945
21.6398985629755
24.429416737109
23.5246235246235
24.0384615384615
25.4317111459969
27.8591778591779
30.5156382079459
32.1428571428571
35.1648351648352
38.4844322344322
42.1404682274248
40.6373626373626
59.7608274078862
55.9861191440139
50.5744255744256
50.5494505494506
77.5091575091575
63.8808559861191
57.5424575424575
36.6452991452991
36.6452991452991
38.1562881562882
39.6978021978022
39.6978021978022
41.2698412698413
42.8724053724054
37.6440632538193
39.0779951755561
46.1691086691087
46.1691086691087
46.5696465696466
49.2307692307692
51.0047095761381
48.6408328513592
48.6408328513592
53.1288156288156
54.6467817896389
59.9400599400599
58.414442700157
58.414442700157
58.6691086691087
57.3886639676113
58.9397089397089
60.8256608256608
60.8256608256608
61.0902255639098
62.7413127413127
62.9843840370156
62.9843840370156
64.9074609600925
64.9074609600925
66.8594563331406
66.8594563331406
68.8403701561596
68.8403701561596
67.0752324598478
67.3076923076923
