"V1"
NA
0.0110913930789707
0.0110913930789707
0.0110913930789707
0.0110913930789707
0.0110913930789707
0.0110913930789707
0.0110913930789707
0.0110913930789707
0.0110913930789707
0.0110913930789707
0.0110913930789707
0.0110913930789707
0.0110913930789707
0.0110913930789707
0.0110913930789707
0.0110913930789707
0.0110913930789707
0.0110913930789707
0.0110913930789707
0.0110913930789707
0.0110913930789707
0.0110913930789707
0.0110913930789707
0.0110913930789707
0.0110913930789707
0.0110913930789707
0.0110913930789707
0.0110913930789707
0.0110913930789707
0.0110913930789707
0.0110913930789707
0.0110913930789707
0.0110913930789707
0.0110913930789707
0.0110913930789707
0.0110913930789707
0.0110913930789707
0.0110913930789707
0.0110913930789707
0.0110913930789707
0.0110913930789707
0.0110913930789707
0.0110913930789707
0.0110913930789707
0.0110913930789707
0.0110913930789707
0.0110913930789707
0.0110913930789707
0.0110913930789707
0.0110913930789707
0.0443655723158829
0.0443655723158829
0.0443655723158829
0.0998225377107365
0.0998225377107365
0.177462289263531
0.277284826974268
0.399290150842946
0.709849157054126
0.898402839396628
1.39916743755782
7.65398550724638
9.40635451505017
11.2189440993789
12.2622282608696
7.30676328502415
12.0401337792642
13.6070853462158
13.7447405329593
16.8478260869565
24.6603260869565
29.3478260869565
34.1209829867675
35.1379598662207
38.6496655518395
45.8559782608696
48.1605351170569
52.257525083612
39.2663043478261
50.8876811594203
54.8007246376811
58.7706146926537
46.8784838350056
51.487414187643
57.7795031055901
55.309364548495
58.5812356979405
60.7023411371237
60.991847826087
64.4370122630992
66.5760869565217
68.491847826087
68.491847826087
72.4048913043478
72.4048913043478
74.4021739130435
76.4266304347826
82.6086956521739
84.8413631022327
